70894
110071
885618
363820
616888
753356
33955
185288
519376
689104
295038
266694
979238
170827
661966
868918
87152
665542
562796
619245
659899
760936
855064
292168
875652
263211
350549
442307
744098
112131
854483
373546
146201
947945
6381
37625
359068
183570
883276
572369
418141
610720
510330
522462
829464
13420
48307
748303
963116
858789
453681
46
261792
279081
782491
526306
139025
306693
921122
437162
912164
305321
54566
456051
69902
580207
312240
160659
258674
225787
100560
702058
470173
790650
377940
132151
890420
181047
165155
167865
494832
821983
781360
186527
415386
788664
585365
711084
733386
476981
53500
627485
331663
87522
910291
814199
140952
131609
840840
145157
664530
645410
407366
423026
962191
453912
440248
483054
397055
213324
714581
239668
677748
469225
329310
588033
823494
138864
321467
487528
623049
957783
519243
737475
38023
474074
350789
664277
675095
841376
790614
689622
662464
539060
999386
637006
381382
787135
554947
56418
189148
917093
670931
317250
922420
434127
199342
269524
482666
459557
944771
842312
585243
57924
424679
121091
975876
895891
474611
77413
330133
582648
169502
82223
628012
637293
250606
775406
262014
674060
90960
747492
290788
915621
227598
944813
97517
773256
757826
113871
577685
315447
128272
102885
444096
894386
224940
26151
357393
883714
349610
772445
385566
720101
23202
111645
219817
588387
108991
277881
961548
148595
412795
321080
182072
24962
486070
840543
740840
210929
441551
637630
604893
57203
57341
677743
174157
188239
847114
360158
325670
910988
253680
233490
571114
543838
588696
165279
697008
879264
567562
794486
312041
451104
527356
544107
469534
48083
97789
749356
392490
155236
749382
277937
739009
165126
447357
366638
118897
939868
956166
851494
299266
190075
611152
753383
344396
739527
72238
786949
17524
979391
631294
420595
977088
517652
851598
28539
761004
345744
207742
746877
545877
308863
190949
551416
951141
24933
197014
175751
854850
798185
755792
639058
296393
93869
779334
831670
338410
607205
953106
76425
749359
182983
69435
755277
891100
191223
654386
35516
877449
301571
679640
494854
858682
809114
441836
638618
806348
7122
776494
888759
326730
826180
241427
850985
856058
840073
705103
790224
623774
639157
170564
779393
664716
549311
26755
738386
58850
398014
301344
230773
960505
923550
182408
722962
869169
629836
365083
271789
736343
601876
405941
951095
78562
829313
786377
293067
167699
926939
263498
150318
42597
515758
296628
641847
31807
982540
941164
250476
730557
806788
820097
773106
821589
924561
863878
524092
516552
151984
86879
185821
289648
454690
434709
609257
657061
255610
227082
819502
707540
699737
433448
344134
368205
707259
886734
667992
193918
406429
985684
81174
723483
430383
466450
784010
289692
110498
252960
276898
976591
300122
213034
799825
471370
156861
916785
869788
184573
867804
578113
360266
277923
843968
641685
347802
758462
277321
532285
936917
622955
419947
156833
393873
43662
208883
330175
117615
347590
86769
902523
675668
865536
304960
739388
509670
838134
271851
479581
139729
373134
692102
671487
259302
600878
15170
466766
617510
493724
643726
866875
417504
270015
228495
784221
713493
995018
737760
405268
976407
220110
720363
801272
193073
775821
328686
848258
327362
399844
518384
166702
536998
243664
196483
610525
737638
390568
828421
591913
111237
888109
38311
399671
759366
944819
734468
997368
307742
89446
654937
829846
591294
125665
632856
914972
615431
131646
52212
572804
973313
531238
245861
962610
234407
571905
451191
459226
451109
708672
408815
942143
585174
183438
292166
949094
691075
64646
880620
441159
714199
884596
847409
365474
801593
528069
838629
308154
617159
951882
498321
74238
809142
927539
280500
477717
170640
529354
761114
986727
704873
184002
543226
520835
344249
4340
277213
72388
65145
739166
534645
194771
360529
666161
496967
20063
258433
779774
245071
378141
97664
768607
689173
229668
963969
668938
489904
860239
364251
91636
478145
421853
612548
807510
506024
117439
404294
81543
212804
278727
107043
977447
378123
885507
769975
970743
230696
104970
582491
975342
817102
768830
646221
364206
914738
978403
801870
644312
88126
260781
107061
397577
731934
645318
393542
553161
990145
196915
139402
414994
156308
375663
837405
599640
240575
933760
885179
74206
487979
375031
370448
446920
792721
209100
330463
999430
121735
742143
69648
473117
707049
819465
363734
989791
968462
522794
767506
867396
94501
225412
494324
253319
934001
300248
189990
312615
893256
198882
173463
373038
707039
845818
119898
405456
84334
343083
857594
814560
995539
247657
148298
363986
802231
768405
624759
791754
864429
619743
133728
114451
949990
720942
251381
58762
555685
81863
820930
625607
330650
881992
781458
670324
98363
93997
38541
578908
645717
307753
76109
234598
556658
993285
507725
534529
81307
861697
417737
641254
208826
727946
177224
452240
766594
43118
750522
993797
552082
139340
870629
850100
65975
218987
978622
288652
610452
731557
194235
58151
453051
505597
590716
424422
570935
310933
650931
236229
531055
10001
206309
125499
779180
340577
882721
766059
57079
895774
258745
394819
288872
210620
923758
124699
470601
166032
400703
266794
381361
500791
292769
766514
525972
508560
596760
686582
803350
365000
470356
624894
714941
421334
617518
578122
498358
500441
48645
17646
956003
899077
138939
631926
156257
842062
167624
691652
711588
344315
938864
475903
598905
601523
24608
738626
43773
56107
691350
430602
393293
63769
106162
941108
863335
24091
503818
33582
392588
474707
577302
292104
670845
739720
489296
894003
857657
530456
893461
270852
709931
700523
436374
109800
172483
817946
356172
467878
341347
951154
827617
953484
718995
615037
651864
275243
946952
37732
617375
859624
53351
926604
378132
282195
229501
808917
351230
35269
506950
980866
600888
988695
130029
454166
27228
404516
586415
936437
69074
955961
274250
831212
170484
567129
947355
683304
808142
241085
728427
159925
946658
966250
768591
36582
203818
6253
667275
916534
34598
375203
141718
819507
792415
791089
267820
660051
171474
256071
420186
910376
845435
816450
9154
948009
744630
767393
640775
131915
732331
990676
840616
254925
5598
319257
398949
838821
80404
194867
91219
526218
278404
326654
591979
97528
463395
21579
203821
697299
57120
476485
764610
568653
132101
467795
40034
969577
429388
817067
313559
148072
736366
86115
288153
762305
810202
976646
67605
642954
501173
424676
941021
570490
57697
215731
859787
291919
534947
120673
77976
896882
827301
429004
877286
585442
30000
44989
872386
609402
669210
911881
238616
885843
943276
354062
515635
422845
373732
674179
853705
514737
92919
574599
310638
438988
42569
793835
694375
934771
549520
886886
921100
634376
191280
312061
421104
758958
349723
345053
69024
615867
602575
538857
568230
470229
285698
341522
892726
206685
236827
818152
627198
287607
228963
936312
719246
653434
85819
461977
14194
21587
733160
224059
574409
287260
594666
200759
264092
316132
409683
78033
949324
124529
940884
94080
989795
450159
949944
944577
108787
746132
269196
433
358736
958375
14870
214612
273583
337081
708519
707924
802696
773736
809114
884962
199309
885260
117109
95623
579581
453890
106727
761371
106142
220210
785118
360291
450249
56019
678873
952668
745085
838150
51870
981022
472804
869776
255234
227486
210493
898390
636938
571908
454000
311534
304241
205440
579358
426666
49700
439350
676383
756747
319856
822031
414629
823151
441938
427566
126823
642544
715775
584133
114883
466482
410478
997827
774251
434069
901145
393222
293214
546217
765863
989942
62432
678567
699377
547313
767563
557155
640996
183969
638886
622629
820372
786464
319322
392035
930434
866980
489691
571457
140416
361494
995583
737879
53661
55701
304020
312439
513573
606594
111003
499497
565122
718332
484970
851796
62576
215796
196279
794900
181416
996119
340694
214210
463937
683974
192986
995492
88639
710578
312668
156812
175059
975120
775535
830495
220646
577372
812642
616805
481009
866022
86895
647625
160749
39096
616618
252505
432716
488405
20005
910
509945
941011
883266
342859
903888
429012
646423
403306
254528
511021
418620
227614
795703
127734
963851
456318
94033
473965
248098
600571
322948
370945
662891
873496
832542
728803
217492
688029
233856
551914
314270
936387
751412
292672
674601
196621
504126
244587
92334
706359
98878
928972
286788
100283
185778
371844
303147
774150
204625
48405
253568
927678
779544
279877
345175
93242
665808
811524
806701
966341
885692
48320
933494
648941
433356
56515
561579
533498
554802
82452
666707
525709
223289
649192
279869
441289
125430
687784
997080
598969
366176
129839
255303
560340
236975
345322
170146
587700
953549
97979
761792
338155
710126
346093
102565
177195
158792
638796
605655
356607
679412
680860
713690
533948
306261
142684
546092
66919
989495
547621
638729
134249
103123
377074
475378
559719
511555
896325
895546
974243
929811
523623
45333
918728
484745
649576
670973
842781
684379
253356
450413
472258
720770
482296
608872
811842
403174
722330
746125
4133
915896
452723
533794
306045
57089
610842
341494
656049
701698
216740
132505
181028
201472
778521
498854
516366
103528
958949
856961
283675
628290
316511
369005
166822
724265
568789
977556
286884
903286
522004
289894
15221
709741
967172
257391
905801
406642
155723
354430
8393
29240
742701
17151
843853
20223
128604
65735
996085
843609
242325
398304
944043
892696
449452
260277
54576
229947
824219
242136
368642
279170
508443
947055
216110
755492
641890
212775
354204
992572
164180
539026
641008
234931
666248
612626
985505
277830
12732
943740
574433
383116
439830
35076
296543
461402
878531
19601
893688
667582
36404
337440
143505
784291
808733
779983
399066
685740
523817
123110
106529
320206
31393
30657
318449
752103
842408
82147
761105
177465
477204
340073
294774
211896
642940
437453
895677
937206
843035
238658
330213
350630
240986
696045
359059
383018
614984
852370
577780
856607
931264
486121
727932
140319
724093
58251
177117
122632
770472
11662
618786
253521
591492
605867
384988
795923
998767
358375
354582
606024
122244
616598
179177
648900
812260
290569
760587
603404
99692
15183
678920
29254
561392
355635
460775
322058
250161
244495
151310
713001
607754
50456
227211
641371
625276
714561
36569
633173
987482
584992
101333
668993
481329
247252
300844
30251
779940
991425
456794
885937
266141
690287
266757
499973
853412
778760
466326
202423
298742
286599
42709
40504
808930
496269
264674
170930
371251
755305
166214
588006
865047
955919
864440
161934
896860
704856
228601
312886
941810
498990
400
169032
951765
770668
803820
273783
885026
941472
568827
996227
295852
128143
655427
907775
41966
595153
512379
658785
245417
190673
327391
276707
341461
275955
183524
971097
288217
638556
371545
103354
39299
433094
954270
944267
349264
302944
680424
918886
707847
907985
597681
185531
803042
160267
600575
626987
56070
886583
38132
526339
580081
800843
643289
864323
482099
743101
833492
570351
754702
496918
617540
177590
557214
948027
290723
429438
140733
334829
808088
289383
432040
323093
548327
321821
541939
618381
949403
710911
174138
811968
914272
943153
945679
718567
891294
943211
196133
553284
7824
588897
482697
614219
676409
722409
919595
495276
962762
483579
564139
849859
838505
348869
630764
864391
921693
272978
979896
578528
879238
981564
858351
41237
625600
719607
208949
165206
883150
26349
753282
439667
809272
152656
162938
719014
867379
120539
573724
358259
744245
959474
605774
760360
641306
45310
338020
154112
481628
215951
916043
587835
413382
622135
247980
381063
32956
402002
820586
705219
549853
138759
842934
297456
34623
373502
824992
817579
8622
64010
537198
530494
742619
195629
905910
703479
689237
201767
97274
924285
745114
932670
970711
983700
363134
835336
613433
103877
226880
768219
35032
403418
471262
696175
637781
251412
367082
573258
996517
32251
881960
386878
343828
654096
746893
223856
913742
967964
553088
809740
357366
453242
705763
199066
235486
609031
44979
748209
101087
621078
976037
673030
197739
528373
271331
505293
901789
87366
859291
871166
952959
575812
474890
735795
118514
15126
171519
55377
868047
573409
18421
68820
738551
952798
444222
219001
660839
266143
377604
768830
79277
134964
759469
391463
558752
822782
941064
179949
76626
682584
511780
917351
129933
577452
129481
823168
540295
744925
818017
647389
192609
598171
915539
983792
483836
478507
39919
499308
284798
848086
55159
9771
646962
370037
236092
395747
165071
69277
701209
751116
255254
456211
953684
678045
955895
27085
855389
624755
653668
147258
379676
268388
44011
810029
436151
765840
413895
864065
972446
236067
905111
78424
857445
296322
471017
254312
952801
424036
908003
161680
242591
182001
671976
231008
26836
112562
474695
401915
523390
188439
613052
315008
904267
523012
461800
679254
777230
790477
349650
162659
65351
521566
175244
210556
123183
106353
177779
84025
137041
741620
530907
801034
578923
784683
391226
658520
826607
993526
287513
741648
675226
86625
62715
583360
370636
285693
954889
122829
384350
790252
658139
956678
773469
455676
210800
37258
713324
540650
184505
654508
413782
333902
522082
438224
394827
950628
489392
530337
338952
478029
395641
930387
655048
346062
928292
685152
459136
524085
874779
479801
908733
371128
774321
142958
278232
343517
975913
723351
782700
613333
552446
412409
21791
302195
277867
913972
717981
676027
836780
257712
797658
64818
777291
160775
195793
554083
910980
354504
761369
304094
65692
292629
17083
611522
165312
461376
259967
877598
906175
479071
638589
453828
49359
644285
768725
901957
763266
488132
498543
746558
197024
804042
859435
862990
349623
951090
282099
424875
213477
790359
945065
527364
425949
7696
187663
827330
483636
581245
161718
95816
326511
828524
905760
602919
780259
81831
927818
994760
351766
526012
271483
297652
41697
754513
183513
309014
986035
248848
596860
109893
41475
378229
61229
359876
350795
149199
870438
741151
417704
391915
85734
676985
149744
187444
221450
663753
472670
937301
781570
52549
809686
239864
839560
61127
45453
11451
930054
725417
66930
760105
79756
798159
727609
274989
288032
369651
36638
278679
680516
947909
411844
984308
886652
147466
161409
664081
296226
565018
216030
718874
718019
455728
386603
57388
534903
732453
311528
124484
293531
680611
172604
490199
537459
35545
914573
691789
506315
786145
302881
742300
944874
43064
903998
453895
23117
897076
967802
73670
69411
607850
880705
775086
326142
832198
507121
709735
287783
809910
876186
439642
412492
124419
753669
533364
612081
802975
699610
612743
944763
801294
560143
490371
461422
162713
81022
716442
749157
545280
757891
974247
881314
836392
179867
754804
495498
493694
200310
518143
537677
326185
995514
598890
473146
243595
8232
397070
884943
477406
685168
823350
358610
111914
769708
811184
656373
981568
304363
686362
52445
398240
910070
632422
339262
635222
779444
867536
722827
567837
328304
877071
473837
11056
696651
897347
649675
152219
986103
296439
798639
607535
228411
17555
974245
584884
148037
765857
501499
825107
670947
50683
713403
682733
167044
647873
159667
221480
260191
86725
155666
533038
810569
611681
356500
297862
16897
225362
90144
388863
906877
274460
993890
673128
149770
443505
504741
831072
21941
41823
978774
493734
634095
596293
937649
185664
62362
941574
777826
940009
513451
569215
702521
544262
462707
230204
453947
87602
443808
895075
987954
35858
494058
950996
750923
341641
944707
285809
893440
743068
600446
498787
21084
190924
896619
377539
435225
982938
744593
686235
848488
268981
457923
220570
888607
244512
773941
244361
306393
361047
399281
190180
751867
690726
337243
658511
430376
771304
829873
443277
822858
799843
791026
284198
539358
236679
980726
835222
454431
775560
997990
241456
722634
183035
138787
230162
226791
538232
543309
722301
375746
730430
976534
303542
267268
588146
691461
802257
579506
804132
797129
91905
543430
582695
274696
946776
460450
123594
298248
256841
144577
681610
799897
910064
933313
557649
886888
98260
167437
654128
802548
907259
186875
227937
91776
777123
229830
773858
307392
821753
649822
861963
142298
632442
683702
351259
157767
961006
547379
984764
108592
423025
591631
337733
581670
982459
735001
887189
191896
170036
373156
301048
424314
42462
365933
683898
444081
841871
696781
469494
653206
20375
337781
535554
879246
418328
952026
949469
606944
915656
820420
66710
980403
671240
594471
132402
389227
242033
323528
687222
179244
780405
755338
671891
229748
351031
61455
471025
520405
902600
167506
928858
371361
86779
764690
127189
995260
743003
95184
690058
523558
291296
347199
966985
18184
96444
445192
269366
420148
807692
357476
304668
643321
693761
7288
372057
115398
671044
16062
808102
10480
309534
984380
373135
458617
884336
397420
698642
263668
132762
603302
703927
119586
320558
489519
800821
331857
656904
456190
183765
925464
788285
754477
506645
603105
450123
616448
436265
774253
48797
189402
667815
700215
223246
564450
2094
511506
670418
691243
419623
48854
51369
391334
651457
343559
224694
501972
945145
846188
673211
991248
19276
989059
5586
30266
535561
301890
253608
986212
921370
893426
620565
732909
226885
613469
132847
954194
769085
577205
794023
984214
160406
774191
182891
610676
96826
861479
264808
837549
608166
663565
638851
416812
453227
380749
467455
108288
574311
713001
641230
431537
206437
453324
826418
979983
527885
352811
537753
448890
435935
281496
895342
698668
411508
438581
569028
480199
300917
88331
772137
272296
379358
364038
562898
561140
984209
91967
104402
256190
262937
433768
126149
313413
371727
38743
86686
966009
837588
976580
846018
777932
956109
688951
979136
364728
714775
267560
895043
353225
301336
164632
621305
824756
877889
119122
12225
249732
414348
65379
449042
877285
705088
419990
392687
872286
133932
515403
757196
535833
690466
344539
377744
112702
136558
428856
960751
296102
397731
406186
841174
874103
305671
794151
205755
111107
392246
127823
734548
59760
904619
118809
932460
696321
24337
893864
173605
212842
211475
488855
305919
476511
968550
992879
68111
215153
200089
390824
372461
363645
954656
656760
706813
247604
827808
926528
612319
629010
681164
213673
310638
39277
250537
969425
804685
456683
913071
683891
127723
527880
281540
437746
462749
58406
580684
36243
128978
266870
126184
88403
820582
734319
172742
142674
823284
853596
505704
833026
600241
82128
647771
262888
163131
679534
39471
278753
436443
419252
505234
113132
150095
805213
174
804490
362183
939067
773519
484268
912927
454702
829887
927596
32783
841578
131610
157115
846448
778014
121332
283124
62031
348856
791484
318023
466539
495887
590520
241679
298723
134468
788127
716891
217495
999862
247574
167494
196192
116306
790336
934936
905377
111644
728518
611816
601244
174818
703886
408862
453040
46785
976558
892043
687102
305189
909421
215630
347114
191467
190531
228405
304402
215913
81320
342968
162315
248393
814823
324948
116195
973214
211072
262501
855098
933985
408944
614824
840688
286342
848853
477496
840725
177291
841835
941701
260382
718825
559903
91501
802856
516864
284018
82454
744785
983693
935857
185625
38850
266869
202014
871534
544979
221528
854656
572662
756189
762965
797056
727042
649719
45391
117862
824281
859082
419092
964048
700980
790623
610252
797465
256882
286382
104584
636097
60580
938144
532657
88342
664902
526791
583246
202859
565476
624187
217532
722990
586967
132562
831859
368680
730006
628826
592868
592232
686509
375594
554211
853737
416808
756872
568598
110855
137204
836186
659661
41596
986345
426789
300864
418781
923106
740128
402643
104309
901449
256425
496740
534577
303437
674459
405489
33461
727802
432507
673177
616129
883156
680506
64769
560784
900866
991091
928652
688669
930909
634176
782808
62731
34902
861306
492377
134483
89068
722662
48388
137439
188696
42500
227042
184759
548707
390568
75525
722037
714629
983582
966983
218986
755144
900803
530222
609882
62041
175121
490797
275859
480981
340426
524842
5047
307724
634342
592562
674854
547545
485201
737943
344974
307181
588335
234764
355761
853956
867690
29380
986974
783562
668262
441028
619123
48240
948391
723665
595268
911822
494284
148276
497001
39089
118826
810112
931995
825295
446436
75339
217601
958446
329757
485692
792388
897550
555545
622355
386152
345194
69502
841053
226778
226291
631505
771567
578383
826901
766020
743617
614702
515738
132344
184996
148622
381601
521309
861085
741495
52877
971241
564531
843379
69119
515156
289831
649752
660628
425299
642441
682145
635368
752531
37961
851799
855605
124744
187524
647213
538678
619287
44921
914301
71354
420317
653960
790380
681370
118327
614565
721410
912034
275339
699505
517836
879777
868988
345828
637926
600326
859596
905671
556853
302221
822528
135562
818045
62247
458171
352136
767587
899398
146750
27923
444441
284333
498916
82102
764586
101269
77818
975793
335048
620590
388165
783431
116656
895451
421489
256361
385729
865143
270858
331321
105393
889400
205452
264619
677359
318146
846144
713649
252808
896642
371107
651493
98521
905564
340208
122579
146468
699051
273394
89439
955892
309057
875848
779424
219552
236520
227364
600480
674289
177041
537584
304255
839753
201547
244705
330468
307213
322257
894782
419203
442524
79309
844583
65120
172558
118092
233960
923419
458159
118765
467519
140685
440083
966316
672587
331093
58132
781542
152910
153366
918934
419545
782682
289440
35613
335711
75949
94994
192722
328119
948181
338286
963112
253868
269596
864197
273692
873423
479912
987908
968148
511934
826443
233664
714686
7834
725222
398583
624414
45659
459312
486122
829437
760434
326267
569652
834677
172789
303052
618278
300697
480996
641288
100573
455541
561574
389508
567648
524594
560922
968223
793974
944149
557478
901652
294258
472066
698296
854264
865442
489618
175106
709701
692711
547946
356247
187879
387414
372106
105973
592975
993191
307742
889616
140045
671027
112021
311392
829617
65796
721249
752531
984109
874384
626619
366972
675128
262608
728266
737698
855849
372815
758794
141815
930217
530925
341194
888015
417970
604285
474846
230004
833704
935138
908335
810028
967872
199125
399273
210987
837971
172921
443170
766607
475279
819673
259506
644422
69587
682506
381676
338008
389146
689953
717045
964844
803001
231506
231846
531541
264979
239982
474862
355004
233166
689624
114385
321481
633553
413219
832941
760936
930883
13052
81958
616491
184431
514671
822597
170442
404602
474257
524657
723553
738122
177477
340494
997959
717980
752182
546276
835151
541980
565568
124395
584613
820530
406324
708860
274969
705565
410327
20820
66563
315812
834505
218518
715875
520119
195735
480559
660241
127892
186444
521537
968690
599855
721984
92784
91562
968115
802455
610837
264460
277323
808327
487629
449852
729381
169959
362185
719564
466225
974003
920646
401469
594454
481519
534899
17250
329507
811268
731194
513250
902041
427724
415201
205250
54479
320451
714950
471653
69565
941827
225359
96998
700402
591971
338955
59839
85053
311492
617
551931
683999
236685
513172
755963
794199
738828
520973
56959
182746
366310
973871
141145
825497
193084
412137
231999
646259
887555
741439
373355
770782
288368
637160
802757
514481
464223
490117
46817
766650
422055
335217
718916
573723
487912
776961
710138
643459
965688
247179
839655
282432
817942
315456
134441
298373
547454
178303
211730
573489
562255
203539
827148
189123
545391
73973
504966
140140
734042
374247
652054
878131
911771
799490
128840
612194
95221
139897
397140
329436
179420
378058
946546
337319
940966
104578
31291
187732
921145
897367
85307
344209
203337
283596
477347
524516
231492
138349
646406
28493
166684
582668
387323
273002
884755
175270
163259
495656
870523
183030
383175
865419
641538
976922
238750
63278
942055
68081
774971
738650
494685
404196
492894
214290
286824
221272
398381
89403
194892
618732
422042
601279
5662
761643
409084
40260
125107
757561
476609
796406
14626
582798
376181
855908
893263
400760
178817
165465
661061
852326
986463
425953
99318
724884
708537
912785
680418
613080
975763
646512
921196
369339
809284
259434
52975
312636
663010
998326
748360
440501
945808
767568
178072
195405
101451
87602
887041
411898
510798
702001
608917
648593
240302
692543
105350
915135
861498
259996
320612
670828
161522
922580
45009
728904
152179
816932
76280
874286
712779
827752
183325
438365
761440
820194
3870
102718
955983
584615
145692
805172
582674
941184
26641
877584
508230
226149
888399
340143
867872
680835
163150
530205
275678
738258
346794
371785
105349
338740
944013
109550
320228
630385
680072
494050
316879
366819
803319
265416
954737
329235
355440
393631
87951
324746
949193
401368
939253
472661
15061
371316
86965
73303
205821
361772
741647
108428
59098
803687
514927
679636
185409
382798
951552
567072
505020
401531
530170
838336
809774
590932
841198
736606
718004
219254
332802
374936
985242
970348
658514
237611
419326
280311
282514
121776
544919
603970
140890
778602
69296
892961
234740
964964
128427
82005
631894
424660
84522
703592
553255
455322
658678
307106
159008
26197
235625
524451
620697
635255
936454
394971
544646
427014
53502
150768
684498
106018
691652
730218
264135
800510
88796
19616
22233
735663
468625
810595
889744
703179
418196
807561
839726
19307
151109
905682
953037
159877
193929
839577
27612
392517
498939
310909
43489
317216
982628
462500
925912
155882
534372
346162
606569
96588
713647
192044
371724
244702
161525
194691
274578
638871
736213
862631
947739
674932
672824
386437
302392
363928
824709
535932
230615
83995
873347
918218
182744
431193
452970
623051
233558
443908
555166
121080
677293
235785
558486
9238
122808
301270
646786
874948
668172
774158
479052
257758
928457
673572
919787
310775
610129
36288
928223
455376
900709
979822
684613
864570
993147
932615
226086
475040
299759
684164
552214
427056
737394
81653
778182
297395
250977
789842
785003
158393
754687
909284
561762
287855
273060
194408
138843
138378
326796
82310
446904
51198
791497
451387
389311
900766
243362
401274
418216
175905
796121
269852
936485
228388
519544
620406
399047
594094
511501
465046
830958
476971
417295
739659
192449
121313
591479
231439
99417
239346
701161
545162
914839
387037
926002
91151
734234
270247
16142
543033
438187
893539
53845
588978
283369
366749
710902
272902
710759
60866
262007
824471
837888
511670
110875
634853
212939
56141
676175
418270
190519
973961
351624
402493
397735
68111
964718
439929
261810
385531
594430
643441
508179
933132
883329
166130
123963
233171
995445
39465
895647
963026
609664
375360
884590
359678
651380
401437
604107
712752
55756
597317
461469
769502
711369
918762
262860
205378
464175
71384
394630
395395
507462
358672
52066
861859
862432
856974
119403
237847
393124
711121
312316
827018
134674
715201
789167
472713
706691
882422
344660
798174
424498
498409
3014
247878
706894
870036
574999
676704
116579
709649
754581
746769
964590
199576
90873
7734
894213
601053
568272
374747
338053
626567
506231
178419
641660
408944
482090
350881
347295
537742
219733
106807
633971
502565
965621
138220
455834
644624
283040
151824
381859
648739
759120
791909
457453
390716
951698
889561
198897
204867
778360
496060
485168
315040
846109
491431
118104
864732
687125
703853
735756
400562
297884
127871
57677
514576
590475
964174
518216
563039
128046
290846
579169
145674
360845
17956
929312
39756
398475
927194
423904
191937
812419
24736
776756
301788
474207
5715
698900
636534
317937
410479
762405
832562
893222
868416
794507
906217
702018
712696
981303
484254
7712
930540
144076
347753
240472
137665
521986
320521
837907
437003
799605
323303
194196
38940
638058
215679
925765
925210
512638
852826
117309
442172
793189
617024
281983
515700
570685
564890
554238
514777
103582
428172
63231
583324
41954
326645
477617
489711
747879
307032
253052
542829
739894
484643
54347
442930
86838
742931
812568
337513
721891
524250
578232
683048
180122
255650
125516
57101
53996
815849
964189
492675
226402
597149
604876
634442
861213
856284
329051
46191
327371
573014
569209
471594
852630
84906
222722
722861
257568
622426
602333
40021
918523
642377
943901
222121
449197
817719
316586
98458
957882
269695
777449
255751
925797
946322
864357
930357
788713
57520
884283
71243
711175
799243
493311
831166
557882
317302
475857
663676
48064
691961
994301
893903
191724
157212
625384
163410
510370
596330
966737
845879
872670
21409
935570
660471
469759
984872
132432
886672
543384
141495
442816
262889
803254
310124
854779
27163
812581
973473
195943
437608
462725
723365
47446
663607
793639
498203
139937
842846
984792
881992
690762
963858
678818
654416
920839
722280
134911
501467
632539
782200
496246
890708
161205
182949
323286
1732
296362
730999
626677
903026
656797
319148
716479
839558
153492
977861
970734
94990
853928
400805
859572
162243
211757
595112
898075
928218
37761
801546
844240
844191
584902
488052
646600
702753
953380
730817
874097
591619
205044
984305
660358
162276
776452
385626
368149
159114
411223
994081
738807
108995
739386
976144
736342
574759
118089
56146
385836
864183
413837
481112
793569
36147
852967
916709
96023
53893
874956
331827
4878
850384
4783
768419
138020
966973
880797
418341
405296
480562
591025
819675
564579
180239
140748
989056
842846
235058
920500
57196
215284
617926
512144
800615
384492
48990
763432
952524
228304
682382
875582
540160
298787
948268
799707
77431
851626
448267
864830
495956
91557
905588
698644
366713
535846
935981
335805
337677
851588
905804
785603
915972
951259
940611
45765
836524
689616
486494
309409
535624
132744
123372
718746
462160
99160
56881
165944
845179
204941
887889
247437
44527
685085
139993
537183
54393
938941
330870
744180
563095
312812
291273
966856
426048
752456
561319
941904
297809
733889
671227
17152
246528
306708
905937
731596
316917
32961
844607
423584
609700
345807
799235
162742
731926
129679
641251
753672
515197
206773
655402
517543
36819
37678
78955
908590
699476
894469
482221
18953
59049
5129
676149
791311
737019
17962
858818
230730
521782
695801
410259
382486
335048
528604
960590
769867
871310
577045
804552
380062
537443
423389
272944
463045
839542
49390
712128
455616
110702
871200
862172
568617
557967
195398
18593
199088
651308
248378
85689
977798
982300
240523
91197
439354
839260
337246
515532
477480
661739
808136
814617
308758
683083
942298
257449
72676
73131
471614
760132
776380
7488
673833
599987
799671
491454
651147
568754
575057
480067
862305
781656
643033
498605
260821
986082
722782
834566
283728
641969
409095
952446
510820
352589
588628
247016
953076
666468
499138
949110
780400
216530
714087
737373
247720
337707
600048
263509
708937
312367
678350
331056
392507
279605
916979
668019
168684
124072
542710
115522
764887
620330
939727
176141
364787
982119
818304
126785
327205
932593
608602
789376
330013
800873
266909
965723
288254
119720
317413
842092
394434
209745
788607
956536
311202
159524
692058
110043
370043
76507
52441
883808
257789
237465
946104
858896
297265
427410
130252
777821
708461
583289
667308
398530
227705
412631
989537
386844
574364
591920
951944
106392
681698
560881
205037
227851
442103
640578
21656
909370
311113
386536
214191
499917
375772
371298
725875
282068
765996
880314
120566
670622
777561
532041
105304
252717
280962
379634
668319
456426
203852
177802
927141
933637
404274
959908
46585
720346
26257
946405
791561
248341
856257
478827
983215
7760
97423
289747
48689
216702
186078
234922
224109
712464
370960
716392
866746
428376
863531
7402
119731
361533
749253
374805
881639
67499
986189
659588
249040
354244
755645
217274
673875
744209
432081
979148
946179
723193
990137
971032
837537
912400
909691
267909
214482
621422
837154
519287
474513
477607
137744
246083
856015
949232
99680
790374
871719
450100
602803
21068
30016
281114
656705
996875
864114
414808
306053
21209
546090
109069
785083
587146
545924
241164
667382
9545
937833
613111
23407
124356
13184
581293
200386
843403
17849
789895
163681
327158
943864
506733
910949
968972
702026
901864
709560
238788
674215
276386
933390
569128
432234
85255
798533
459236
492478
363637
264659
420486
782851
407250
275454
914490
656377
857082
696163
624576
418663
492530
800798
743364
992013
179920
196580
280008
292956
544775
666118
503005
997061
675475
358533
828847
342505
106930
524893
185015
733084
389620
355694
877192
222289
594008
488069
307898
607567
566894
920369
779977
138362
158208
664515
452453
877133
523138
104771
72963
855834
843318
92959
116901
784331
381286
424674
570946
438724
249189
866354
332113
273702
993721
124285
615952
55744
908603
795343
286932
344681
270260
920441
98350
682075
270453
612678
112443
202821
127033
156457
350137
597522
957397
751317
488686
920762
252472
17097
27207
663948
649245
935174
841990
995057
313685
25794
584524
154273
370437
630678
295974
162519
974383
801897
34195
543170
108098
103426
785888
199018
893333
384616
694574
931293
761290
949538
896525
142403
520341
45636
747362
534684
335450
565215
974742
35526
743778
929099
908914
749017
713599
935027
936713
781217
258177
891992
235678
135394
334142
146742
85329
572517
326492
611611
733177
712766
234711
675912
643989
872761
336230
303044
420579
390366
897113
941560
671678
803107
159714
683678
294573
894428
883592
982709
383182
246324
693416
43669
362714
710014
505430
179409
656666
796538
377852
39056
202275
651090
545588
865066
702818
966757
857249
310334
615661
68515
927237
781892
623385
808046
102478
904943
896708
510316
801484
224442
868900
533331
802921
691412
187430
654207
190727
358190
783303
655322
976564
991795
729212
876472
924196
463784
886136
405757
302390
409511
95743
943457
331927
864346
497788
457046
96327
943516
286084
204465
441842
651747
756654
916246
673770
696328
450371
473481
758236
159363
557576
992952
913040
915954
607120
187043
68193
931514
662945
456992
245660
904883
878568
317095
435843
926507
857758
429451
331761
38657
859906
68554
272230
717804
715460
702989
356953
299881
510731
250511
111690
114535
417567
559915
899200
36632
178711
457304
559773
540482
834468
624430
451262
491088
979302
450833
22038
400965
776723
497231
358171
679178
890612
667337
576771
819324
919855
882296
195343
455138
923980
675124
647314
911961
107719
413401
295039
441400
927806
447689
156294
688766
401300
486683
763323
703378
23389
368598
239288
667427
334412
407252
713553
191405
252563
714352
823170
843184
878941
730615
639740
842369
537866
400873
93845
913849
335155
396433
671932
220249
508633
414402
814086
378142
937428
67013
955080
450380
891387
104258
962855
840226
453038
994731
614787
872163
566408
229377
90133
212435
10764
742167
143449
412079
814879
91011
273517
218879
926178
895982
604652
562446
519017
276826
304105
845197
54214
804763
682103
653945
413844
318604
313759
577675
446261
31026
596529
246484
971284
738865
65345
336827
493420
781709
778547
938701
733800
58189
72818
339774
799565
582818
196528
656722
647903
144480
265139
350184
914823
670412
153315
492646
737900
11214
808412
641118
318803
982413
474217
264115
796628
272690
484455
382287
896574
561286
262741
660430
250482
977374
771102
689993
696364
342004
41290
671545
401081
601044
321885
434270
538107
189691
13244
17605
978976
30834
382210
667005
141457
927100
354916
987995
746099
656571
458708
750958
919975
692916
450437
480918
582338
716449
971101
742342
612367
54156
237870
477219
207062
956277
62689
5128
835684
590212
876179
549781
3992
153475
158019
23828
59657
432445
506139
832727
886892
873166
970234
116433
703468
139869
336291
705517
826459
726433
38423
729556
4317
127025
994913
589166
272278
288651
130453
554219
379292
32546
365238
48378
300782
121395
706978
507431
287693
90031
228577
581392
876872
906765
214670
180037
71046
616450
215570
633211
352708
315300
650688
461149
388931
687062
133736
341229
729279
143819
384548
695926
307219
744828
454868
862446
484256
722762
48611
237130
52925
595232
590098
158872
396290
608488
988192
685510
76291
57426
558165
979579
21342
606896
153899
914471
360515
137825
220657
858201
401412
507402
906813
219580
476664
754754
457243
981858
186212
710072
190801
194544
922032
688714
945552
761537
566897
211655
654171
982536
585228
58272
245131
683275
436570
883116
112228
566068
737689
384038
590511
54937
650131
947214
796030
737284
608928
58183
753471
218648
437211
249727
396703
268245
631528
522998
299552
894103
532429
854994
131313
85459
561255
577710
806373
919982
413554
630536
950678
564882
869096
839817
9888
433280
929537
907467
537785
412466
285017
91943
527358
126155
121792
997088
701603
308400
701866
522777
122050
12713
681314
355886
619569
642825
424482
318161
595801
207834
677969
465474
937380
300012
257238
88978
310271
423383
40935
714679
427021
865062
6358
785612
559340
389276
734232
670820
750967
727530
582184
608541
224780
433447
869395
798115
255185
405062
117086
995833
658928
124895
472575
694074
132979
683662
836832
463992
727175
478478
449
321482
854108
450450
83476
917828
867933
729032
152835
877126
22260
571846
842048
521736
651830
782972
917308
921129
423731
112448
27961
691852
694880
269641
922737
31053
532877
76341
174975
274918
881060
104919
894737
142971
368308
61118
666714
582887
299913
335167
893693
691916
890301
698670
40671
882365
571238
336645
352551
986086
677839
700201
312075
809860
640877
500865
23415
344815
47298
976311
420130
425540
837102
104521
754947
754918
361992
911698
922959
284010
130058
605752
13666
3701
877128
195851
52244
94152
200764
573506
545181
647127
48052
775632
899030
537951
576476
88588
350609
140447
57808
619353
569999
875607
43305
77604
331709
342809
14783
185060
797521
453645
93358
76213
307902
864465
266888
628065
904387
220518
651514
475210
641146
826054
243205
241142
259425
526803
707642
377773
893557
264911
840943
417653
31222
534022
762622
772208
940474
976314
430236
720315
547456
355355
692326
514184
324355
21111
742193
783321
356200
556535
787896
4935
859939
310975
78875
238492
933440
371785
554206
557348
401932
772329
377540
572177
767228
529090
773894
944094
431342
623752
763713
905357
279760
161104
177051
744499
77620
868545
18810
335134
818702
910293
691896
161116
560240
53177
152646
708323
315756
791093
434180
939825
759092
266320
903034
237315
524801
585844
777988
643630
418388
499353
671544
266577
43904
511023
137302
699542
383693
493386
111084
834844
42561
962624
940571
215788
983828
285110
417654
812360
36117
610478
805602
765724
651932
643780
649888
984442
454362
526846
939654
549731
174703
132904
410463
918050
64280
515272
681337
946131
338697
199147
906806
270049
355205
676363
386847
451653
863184
416799
889772
885278
880415
183519
370584
7254
647243
304948
236252
497484
852994
683416
728946
266065
346924
766167
131091
73145
787621
934904
74463
98383
180445
899749
950350
121478
793675
858554
945371
295612
695086
276986
911180
948956
519502
552371
334733
764030
851257
135241
714088
110195
127029
898527
758847
210694
336994
307953
931603
133243
954944
551633
712649
954842
960661
452639
144091
302934
973946
940082
373469
554214
175098
73703
463521
267460
134771
296871
822162
661834
245219
17223
173125
280708
896203
543955
327261
707346
686536
517096
872709
834646
85361
564060
81578
606407
529520
565356
717951
720652
868086
439401
357216
147937
490014
590903
123118
721583
703373
540262
927835
693770
227552
92310
602707
629567
449762
428168
44473
90296
395672
786834
949749
791785
824446
389817
211085
114210
639023
568086
499064
939012
296166
203484
882245
370272
73711
86035
742507
926097
145250
209579
28369
289386
540616
702973
859882
398673
982155
921261
655380
87253
498750
955461
818973
408463
598336
560618
757098
616609
182106
26820
422687
708858
562002
924166
781271
438761
974452
525948
645857
686073
773431
941252
910311
829678
755488
577629
541903
226426
715208
324635
780117
841108
425738
858985
227791
396256
775717
11010
489284
393439
338361
758130
657376
843895
287154
799588
12755
655670
204683
589669
331916
386590
42312
588297
767937
228427
208467
806071
15919
576815
825559
998100
668405
770793
330917
480288
849407
285660
593343
89516
930310
182998
165954
561852
820899
543396
250009
441857
230915
286564
376751
353316
181802
123292
885611
96002
418302
515190
26710
486793
295425
29921
432317
829566
817102
435814
151230
592738
226429
900649
184356
60858
653688
539128
907462
303874
9199
350992
655090
926608
717456
216649
96207
851181
316526
499072
422980
277243
976886
870543
83148
762673
944771
422527
987095
627044
49250
640331
270820
312659
437340
380403
855946
196393
435073
482670
511436
53499
936549
219470
263031
477484
445427
303215
335112
355866
893630
298234
457026
268138
484843
247572
486036
578857
423183
809479
759092
668072
290829
101185
848704
655143
695440
252443
726155
584550
400939
415588
797254
981244
843531
593369
828368
994292
401049
849926
114669
688353
340354
532410
70336
16958
495145
121913
253916
739762
748059
537232
778669
941717
994010
821537
3767
212860
118317
347104
566356
981174
400908
741265
344266
259431
891011
314789
245321
780309
687518
512465
324392
925609
458961
39836
653313
939529
551776
504259
218323
512193
295760
374331
604342
370255
907809
316756
969594
524739
667465
397023
986374
431475
662169
533233
564866
756477
147791
95684
209558
864118
635839
315346
974106
566950
911977
815183
639791
777405
275384
139620
581659
252992
613807
930654
259901
307089
371090
425597
265403
371042
102066
99539
574830
339490
217376
545964
350197
396952
784219
669201
562808
283034
113955
80142
586568
359489
418964
348876
681288
903613
274281
169287
534567
137336
987198
50410
184552
434432
848206
922998
733417
578023
448682
118676
186530
995454
13312
620408
606722
157135
209521
159938
494502
665423
904722
150531
812122
264750
233322
754696
887589
883445
36832
474338
201829
316105
296787
796213
38172
682230
359165
616074
373576
181790
203921
805756
928747
710608
300486
451804
322796
802688
770176
698733
670652
509222
953877
606066
706404
28560
110254
706828
718588
345582
163750
236797
449762
261766
774592
480273
731672
427022
661930
400248
837004
152507
888593
1696
503578
825413
735292
1316
721928
414200
319623
488670
481378
888745
461831
995729
950417
232943
665110
922127
958869
206701
232341
538026
992225
468305
730691
215329
956543
879820
682864
793198
1644
760872
433015
201062
192140
547125
296259
795403
736538
97500
435798
24595
625138
433279
593047
655130
836869
362664
420357
593778
295131
485030
969133
203075
186733
737108
635493
373756
281474
823798
27854
294341
952172
51563
530122
16858
452172
993096
342706
530643
98452
557789
866112
478496
724456
72099
583707
999087
748576
133079
928678
690093
517493
910275
766780
854726
971436
175567
128578
969500
775481
350799
859054
409487
484619
87088
703140
631332
929791
227810
42912
614338
915317
883572
332805
749495
441830
969210
277505
136422
34341
224587
366090
761633
189822
410402
432726
359704
172170
214064
795532
812230
857943
298346
906592
760598
335564
407477
467667
441118
599793
34994
129572
202476
259650
427176
683622
367095
477692
606073
171034
500210
45494
551607
636862
702827
400016
27988
362694
7272
786108
915945
663348
221104
537076
947342
82723
920280
234418
434918
896292
271625
361296
168887
741596
891302
757189
651884
301041
356492
659982
879099
359620
130043
246213
109975
873264
678009
417950
849487
176040
898977
146685
846905
268354
230514
491141
799545
146856
292164
941846
594986
298916
549705
512988
136121
130172
824923
179006
241506
560700
484459
955041
449760
376816
580200
322177
999250
291608
609918
527300
904501
87764
517651
110294
584280
678506
926038
133898
926056
889901
130057
150032
193283
957968
143342
312063
924860
270578
792690
735799
763931
662767
186416
634481
940674
450626
949315
455516
725421
498578
519206
900157
862941
975521
415909
863645
285478
189584
202499
401092
293867
830070
418267
448702
656017
954374
928075
691174
753575
668029
688441
981215
662861
599360
77103
700011
797900
444808
398963
472525
344128
65543
550112
979859
847694
960421
28685
321908
568036
102167
557213
834616
437838
888207
27789
523059
885038
804958
30302
836373
490774
906136
130994
342542
440621
202022
126868
832839
431199
18945
400610
664014
210725
855171
808665
3198
167310
272695
262332
804355
403371
699129
263152
43206
219755
354419
148734
953498
358034
407285
979262
610726
291330
890519
716638
377015
646621
359098
814908
302301
196982
778846
947976
224005
814842
926104
662554
388082
363600
293655
398999
694987
221411
744055
843595
845305
282663
943834
156913
34540
44253
608579
755669
180147
614600
282142
427643
280107
633537
776057
186520
954380
155723
448832
756294
434541
640775
454008
133631
550172
400929
398585
211422
294923
781042
660025
736585
787127
114857
835735
700503
364731
447442
935495
236541
178515
568118
615642
681474
15254
297532
872754
861725
322098
587969
158945
495167
485204
146033
294724
791395
152983
480050
214008
864767
39167
208783
941403
309309
986417
932732
747981
306487
658626
834795
683448
484085
759282
925294
935531
717390
865874
740184
259586
901982
582569
923764
271392
904465
692963
1530
847396
600534
856906
690227
204340
207519
392083
316152
719130
857403
367366
302982
72284
345859
686992
354163
64715
671351
968728
438860
859515
411095
795694
99943
246236
395985
680932
412442
730031
814833
390215
240364
5315
213425
455770
62016
666108
547780
817881
528502
654898
321110
559847
844029
458516
379039
397206
47918
175710
203749
49460
443009
867570
710951
104984
479639
807443
341972
484559
65953
387042
16804
840127
889631
767947
133217
994758
695301
228352
930625
906321
45337
916124
638371
312
760650
616095
190227
339239
108937
197305
724024
841649
674633
732454
64667
901966
967203
547510
506116
787729
605985
243194
63337
559193
732576
83133
818261
307578
384633
752801
385117
641354
331239
641033
621259
639977
353863
970054
552879
757351
64136
320085
566208
475810
330015
988694
742624
936384
215616
500347
708103
962006
884658
319223
63715
119788
480451
578578
56337
5253
280531
475665
217074
394926
76240
307340
734693
736828
707779
414210
548344
585958
868317
852983
541283
58416
98343
254955
93061
286429
419305
627057
253480
922497
111903
728305
718578
100961
898198
676159
55347
678784
536322
353333
299247
109230
374672
396737
795052
407260
788880
572461
894753
725360
459478
152805
62542
552903
781158
418067
246445
341147
521248
994140
508785
761406
917309
675049
357204
199778
697801
105293
14983
196756
609627
119516
736801
933520
412282
525224
183108
232450
554031
149821
208540
606794
606747
236679
220317
139398
123257
420323
509032
99848
796215
947460
768085
535748
896304
417536
475958
15213
539531
634798
596599
334066
135818
413626
31620
929160
410914
474514
15889
306640
442331
556574
81590
176603
273615
378919
560490
627163
280119
63316
417908
690653
425550
515187
357731
98393
855682
400142
665757
871249
749229
624688
31470
523338
553512
542531
778396
495697
921047
990328
121773
460130
402998
918027
363516
532740
156163
708591
992859
914868
918807
176915
390838
275191
565933
696591
202832
171531
410079
525324
890845
356637
582662
891497
233312
681092
318214
314828
964996
293548
610862
763276
900317
369569
868977
911287
18
860775
148437
511122
513262
303057
954545
123378
889012
511791
368778
308546
908704
796734
414020
240358
20169
683447
345687
93463
340361
901731
464892
262790
468921
64892
606241
840962
56348
592435
713792
442040
979571
700185
668950
392157
280348
566418
488601
763430
750687
38816
991806
527501
235239
732821
211331
466321
358735
61083
186394
855779
496321
33426
914203
541252
661101
204534
719248
881868
714470
623384
779430
696906
307140
320990
712940
286331
577396
506932
261594
626164
692643
53695
392086
876031
714064
721668
933692
251192
306004
922330
161657
598134
819490
377946
804039
404309
640826
600098
48239
748861
703864
293350
919547
439159
371969
528375
595733
225688
475482
6510
322380
511450
253948
917254
488308
716270
2663
126040
20982
769278
724491
158882
243223
258830
267227
748130
740464
190010
959387
316323
656225
797343
319041
183835
582687
731552
267714
748882
291938
188252
833753
875930
343539
502053
885400
715343
443229
895718
502838
213562
260887
781848
68768
364162
312606
954991
447032
846642
906428
708988
321213
13239
442848
50168
926329
491867
677487
74329
711798
755047
648743
238253
930942
936725
656527
905980
872884
592761
494817
235284
637076
801368
731734
792684
122865
389330
896554
189867
406949
227201
424803
330717
170540
379198
317304
91803
59946
309451
182967
978868
739084
676776
787669
606456
369003
282911
784218
626214
723009
934270
460487
343755
416632
27975
955262
253250
456288
716040
876899
885024
169923
524138
975519
979902
306498
460955
102341
479234
681584
840041
813255
497502
316385
926612
518263
405806
919717
505626
934508
339686
675564
838052
746172
832854
73620
596427
5829
488642
448125
605319
720065
99741
661035
282660
903659
267343
971561
565255
15477
676820
815991
954063
84079
341252
450428
468521
259693
40785
450431
428061
845476
105520
933159
671184
842922
321964
616063
725970
200626
706441
561196
559731
523042
63999
573776
336825
108222
946303
894795
957219
122202
902190
145853
871784
181558
723619
822304
419865
424020
252979
922001
597253
784221
316409
931280
834799
267698
798609
440508
682888
953105
977535
106094
709345
808736
47961
342780
705726
939134
4879
668442
974963
430098
525484
841066
459848
813642
477582
376302
246554
989172
39707
272673
612320
797589
584647
347261
932198
385706
884729
357005
291739
473944
106261
923543
588333
235174
906244
807768
783783
357302
487116
743383
671693
30859
471481
218246
745719
458427
5568
30344
466568
13892
177130
720376
487040
852871
656072
69253
647359
95691
39813
372174
288533
569327
21601
168931
469561
891041
10012
313737
798570
313335
410291
104657
612008
429697
981955
314392
542160
240161
146619
368253
116528
843138
518695
983370
103769
651560
755231
186699
614765
513781
798418
493539
35498
253342
829926
267845
338190
646189
772157
488811
821916
804156
485853
772550
2840
347666
110548
406161
128656
88905
647052
879345
942255
332738
631579
165968
711570
878037
356846
977367
500510
12370
235607
402297
973710
930612
981361
308105
602671
546192
456852
173985
490562
25864
114898
999162
787873
444218
41792
142454
242523
836913
779903
923156
848223
664331
939544
701955
44155
60453
448483
852260
827941
253040
807112
471120
918037
630396
781725
452625
464510
839120
775510
742112
798044
60514
202780
354498
822823
858478
352829
435116
186099
568270
720229
696285
524249
253650
453612
924724
21209
272114
662814
917835
204312
795956
48566
858148
53171
967883
846187
792767
231010
489900
94114
929190
864711
834103
819810
577643
533192
77930
437283
223080
673498
650143
247258
121510
330041
80575
736316
438846
11298
474380
548034
251192
578194
223400
493361
431970
67172
903146
703068
823680
900302
134435
615382
504948
220374
89156
669553
491725
324907
167217
801140
653529
289535
629046
235680
128260
373924
852523
936618
387309
9748
638784
747743
165959
19153
991408
660919
252969
582632
680361
284728
625862
311778
92406
421904
892620
9932
524905
993683
454952
923350
899231
863016
21902
924414
691843
601511
83235
567786
115177
835202
68438
710591
240935
447960
837184
467514
608916
902716
531099
225665
617727
672790
288824
273420
739545
286683
28129
298228
227252
414901
17096
887103
513463
389290
687636
630699
181722
231557
60809
451027
958101
443472
568988
418145
461327
173955
109417
12631
866203
890240
977141
807802
800432
803700
818335
529463
635031
245407
189824
343469
548432
304969
604065
395330
53741
800094
735978
508641
115732
535290
783477
704485
622980
982261
535886
483747
113516
745012
947671
979430
509455
873841
731576
269800
974571
759108
966603
746780
12939
826413
324181
917923
87051
668630
58431
464051
770393
684265
804710
101664
437334
169662
416527
692543
633302
62327
943945
924433
515890
332503
724445
827303
874405
71807
512212
891992
561435
543391
388997
644700
841818
454279
219629
954230
720175
526587
50513
816080
964139
419595
437553
800736
362956
627463
698369
619374
606858
445618
469333
569321
21731
204265
875330
290262
487479
752941
920055
628082
485661
326324
48523
492894
550763
997869
227594
477386
205550
996378
288175
855349
818163
877208
431647
650051
507357
583412
303719
821549
154676
494504
879217
401620
290220
769964
781451
986958
170692
758500
512970
876029
476823
249879
66927
94905
678778
859702
843452
336213
781724
345292
248565
844652
445598
151231
989302
988557
841621
605533
171475
643482
420329
120992
652166
770095
745551
119300
715263
102667
940309
13355
388357
946435
468277
872113
731302
330814
724504
86582
467280
156487
253741
926110
65696
582558
711810
897259
825223
188696
198904
482279
405711
934215
153495
148836
288830
206472
828033
19337
157139
154564
54184
836570
199779
252958
786244
539339
722390
41754
110185
233541
306265
946507
213767
211696
890219
979971
486720
393075
326311
259044
164571
687260
921900
391091
527408
424534
75199
66357
896846
862137
684812
32619
351617
201661
680300
111761
224156
848763
475126
226883
48542
9825
424227
25584
325169
297730
150582
344693
734260
718192
277197
163674
674810
578793
340240
971815
549431
356067
667557
899121
17809
920559
427777
391950
789319
15715
264620
922827
919012
7085
934554
908317
799136
319599
623793
326171
510443
259262
866908
531817
849005
123391
409384
733100
933347
846499
284116
915544
710869
78131
170450
382216
27992
753729
549421
295745
244819
279845
808867
856276
225232
889329
822238
284525
558428
802433
225059
780337
838555
48071
827059
803067
611856
997448
279280
72932
431824
423562
687602
691492
57906
60985
346013
117407
629985
159215
665398
469461
558185
528440
935227
327844
375712
162257
340896
523925
642230
464043
36028
410716
422048
375834
776234
755115
320752
946498
276688
783900
200419
723054
478647
961415
506422
41580
795684
652176
486095
512349
856231
103531
823335
11812
165282
116323
93147
744768
493858
281581
90099
672299
487308
154684
769156
785590
881135
488796
751004
340144
616536
617079
681031
830021
553494
914812
355914
209821
599452
270128
798456
774794
695815
437599
804756
452380
773205
42300
215503
336634
43124
276554
245960
440938
843697
699356
37903
467865
141105
966948
942919
962213
18471
604636
40895
452047
215793
655191
843521
421902
326807
708898
920363
773733
205932
199978
250171
504720
817632
581291
387280
531875
662724
933841
472393
71476
900346
369234
828800
951258
961012
144849
997131
175521
651755
301487
128007
432049
181839
828422
116981
800851
523693
432048
235760
904163
335348
525235
857671
510019
607636
953312
88214
332217
889684
514951
523418
99016
914786
725158
696665
173035
826153
799340
813204
714811
224706
422256
770614
264583
267952
415006
11120
782210
194213
858428
744851
410080
972074
862428
795508
869403
625384
759630
537926
449634
38010
930287
617601
155257
591708
228920
201203
697211
379074
795001
720739
144781
170618
424534
9397
105469
494223
164468
416533
932086
292745
832408
206723
374955
25257
492401
583429
890653
966002
16500
792841
279793
521379
192805
515688
299048
310635
875900
786145
495055
566144
967475
132627
742280
294385
145638
911712
91449
752137
662376
68034
626926
627179
848767
217578
733108
575535
448349
342876
528470
895591
594571
860677
360571
537377
717761
50316
330231
137358
643707
215189
871850
416679
813743
782461
597639
309720
99441
965763
164157
934427
918266
398937
161183
895589
835735
443203
334714
925107
977116
420876
870402
310362
332176
301438
340712
350421
236902
739548
527298
855450
557075
555000
899727
772081
269550
894976
831323
457982
123496
911833
845018
789630
784626
903205
108675
57350
810771
538473
165930
457882
170621
219458
855172
532376
675805
752911
884813
214769
882719
767654
795477
477339
733082
340831
120926
168189
466817
107465
311749
685722
856895
641510
400137
580326
709164
447698
405475
823120
366737
864502
487923
141905
709123
322046
280729
790923
432478
943642
79898
608136
900268
465082
720861
232808
322054
56889
179604
999995
801113
733992
273229
321530
453178
727390
342663
182256
809674
642988
635823
737160
715681
244247
295546
807985
859645
754485
474755
112544
617171
324936
561979
714704
752448
539841
771288
485636
457935
946349
122817
928930
111959
637405
812958
252656
284580
474716
177280
10925
258508
978941
967412
33416
819762
364649
799396
858772
800064
769504
116016
122666
493832
697866
753931
433053
636066
594433
406786
290149
308793
470673
178089
95319
507057
364764
220325
887150
237413
681623
618756
688685
137429
133052
50385
298352
428444
356536
501477
577916
496573
135430
273837
571801
393612
907167
46991
236552
38420
117195
339695
64961
675135
467782
714404
262498
783917
93809
150825
542548
242847
109673
935913
727774
257467
287467
672245
17721
429873
36872
394335
546202
820503
371623
526392
349085
495244
484736
520865
440023
658290
423139
605885
753242
265556
282942
628152
440177
294436
953588
550367
487382
540637
733502
625
213063
922926
778283
11939
275156
950309
514110
119582
202814
247633
532159
38868
154419
915349
325609
205982
665652
876725
399195
759996
329111
108845
791187
417804
940570
93099
492113
128548
918875
120338
513158
88932
12692
457896
326247
397410
294115
44088
197548
442867
549015
385996
197265
185057
691249
431474
91912
510093
78307
519776
338351
672534
794146
407609
266009
984637
625055
124377
916232
416536
287280
72512
68520
302123
442831
282895
658785
542705
469810
228567
550775
319765
732720
296935
371816
509647
616660
135941
976756
159828
630785
54282
550841
808216
222372
810519
518986
565448
744706
848553
183598
472243
818534
100312
913575
57736
702940
830242
236745
617025
529846
635413
110829
431200
262785
85809
362303
933737
287674
450751
900984
757755
492585
318129
682480
708098
757850
832908
340164
650350
669736
999120
332470
767065
697080
785237
294391
868851
385445
914623
884473
602437
404411
422866
892604
328243
262722
244705
703659
787428
644855
595299
276435
882919
654087
560458
893225
108724
160694
647515
823915
381229
744529
789795
91137
956733
908392
226486
370003
69876
393931
391909
171770
163687
571886
712832
584635
258428
453042
888550
913942
821764
520677
48590
996685
417057
330122
460831
301329
711034
521558
980732
236147
116275
457888
807726
150408
286660
73471
889517
223356
298927
810950
907845
181433
743220
703819
251677
201779
312810
23919
597383
25915
718765
271100
628065
441852
780019
176638
601123
606134
56705
133020
365072
955929
764181
905746
594006
637451
46640
754257
58851
930084
697455
494641
951049
63025
720084
731104
368604
466566
112598
786553
668793
881378
26318
201139
922646
233848
418022
584519
487450
784446
754878
113728
539258
734342
401980
159926
455319
914540
330798
499404
429487
808147
253808
354949
440864
290616
987616
892440
694894
754991
254102
52275
662871
564191
804655
436013
137909
596788
477552
166769
965573
394015
216444
725055
240157
328395
346787
58068
42938
222236
946308
969270
76317
899178
956339
984131
44324
274262
139986
612272
384680
256895
883436
263924
545414
495587
166787
955923
673904
71191
874002
945156
292345
362999
764077
764462
15397
608361
686028
161913
486106
380662
677132
372876
386498
64018
634854
770015
487850
55214
886864
120391
835369
487305
52425
891883
937265
416492
741931
540523
426489
81146
684935
182081
345603
446859
387799
323689
951219
926027
618249
373616
943016
823214
205038
401839
85571
40003
807106
591718
222588
761410
15203
544314
22001
137419
657208
629318
645030
626874
582503
122187
213410
344747
631913
346414
270866
297392
707695
251895
375945
338420
794410
795215
944464
384137
854478
809988
565270
221337
171915
83059
900025
267730
74928
356999
576782
607877
913613
745036
840629
583119
897740
115134
78358
820426
328189
627905
144613
625130
215647
762967
187597
59006
599689
614201
775524
757684
941957
306974
919141
728827
534363
832868
419723
895701
167830
832943
209478
634587
206622
878405
879674
540972
573697
367937
537678
65200
597968
53246
547370
951482
239033
589481
62532
446724
19554
618032
471378
501770
523099
229065
762872
637050
662197
882528
975968
144648
424559
849272
247917
750252
506398
997045
484713
940164
567348
951819
284508
876759
767719
77535
288428
122251
702851
422874
32010
807936
825924
696479
307371
62953
734229
695846
828988
87295
305422
160268
183953
787351
315544
906506
354073
961519
236789
18672
544
719317
87216
335153
321032
447134
74758
240588
970011
374114
936245
98953
235798
134145
619826
481577
952524
881444
28368
584255
513783
381778
17432
327786
780192
223537
20114
116164
711572
68036
146264
170288
183328
381213
896671
4922
716526
56636
203434
710074
382491
931718
46867
945388
135499
615934
877357
787925
112442
964069
988290
3222
617253
389385
818735
237555
962195
185893
812207
75409
236739
521385
268767
406760
101703
207793
540305
260505
832618
715014
647045
451874
847460
285772
771033
604147
118012
553231
281983
214274
100328
29156
260631
518966
685892
442293
109955
863114
419007
458330
608472
72215
147639
480538
18992
467383
994516
437252
796065
142128
877090
966334
808056
504181
583921
935354
309031
833700
424448
543200
158985
152962
863404
37787
203803
430017
86922
821049
744667
850323
823393
311222
735451
980445
267879
576465
737934
96946
396151
458152
440098
705263
92259
500137
311182
895346
412052
296683
804957
918327
778620
134280
254221
407260
315071
571643
69815
133375
329109
436161
761240
590713
558274
51304
504639
32292
355119
474880
184360
333097
802167
70138
627373
837084
151873
250804
437914
497217
492829
305115
40573
237046
439654
134063
826055
623127
955215
181866
941373
257970
575908
300269
291560
747252
353500
766732
445512
571904
407189
210393
978613
955737
808174
868114
274998
55930
273895
2997
285864
192643
715117
264997
258984
134066
577641
858207
941079
371011
871651
766240
702963
920198
507498
821432
768189
12535
478644
871280
558534
562184
84071
69864
359106
583426
275046
97128
254127
706609
472084
889942
347616
140222
123152
169218
798067
225248
921610
273900
823883
244343
782476
958972
972055
786404
170000
975004
192843
79731
527157
490756
394099
151216
407893
320611
395525
833979
39758
429738
754018
601974
298733
536539
591151
999189
920299
574296
223222
278906
428503
349373
508969
354976
700231
763811
637792
417167
689777
161869
849636
368337
896312
961456
214463
171223
245185
61236
99685
194224
547855
860239
961626
647956
656083
818924
494000
626369
708223
77852
247542
874027
446647
839162
895460
758588
897305
607512
445074
78410
223505
866935
927621
690614
299257
767577
701847
340685
44649
533094
639663
641367
229802
261190
11208
812686
46719
12342
547859
261240
526529
42192
310956
755
497621
990941
459105
682825
3012
187429
336716
624973
344003
677012
95372
681446
761840
518349
502477
345711
710745
733545
522113
630556
576110
624863
97168
226387
362943
676155
256498
572179
203413
153065
489689
190974
630230
456338
455648
501152
559776
524867
893153
539922
922950
669891
453572
516588
280575
880682
833120
702661
232999
357975
351316
240872
414210
990053
393847
656243
985297
706444
4202
79958
414503
197374
288691
283061
31740
456142
600011
894538
981092
975048
247264
779063
617745
611645
965969
961453
960743
108801
930605
25031
480734
871441
973667
509130
292053
207643
326744
901543
158452
829879
630299
882006
953964
369400
62159
595210
286989
499794
43488
650804
526735
176928
374765
713544
242531
918432
40903
980093
170686
719622
496443
608748
368928
296878
669482
554977
63950
810351
718143
722367
341829
948417
426630
71699
392611
713063
860913
166719
91952
690123
485851
899690
859451
974209
704040
392681
841717
398899
675440
524228
446963
818075
788866
996506
519753
766008
975295
535284
318838
867601
495591
133307
582344
82454
360519
35503
863432
163576
906636
28588
572157
578080
971070
826761
213717
954926
68720
907480
508604
164553
899054
585775
798319
288118
610937
6791
357299
111359
573561
102864
969941
887544
38136
360924
725541
742776
171711
585831
845014
40527
365143
521138
814850
948794
788733
189661
640092
179028
760432
696261
937359
661212
869894
169949
810136
668958
599457
674598
684303
476318
49260
312654
121888
617362
601264
273117
708937
10654
484454
666653
592501
839118
647645
331552
636804
557876
443841
335529
834610
781793
540260
180198
739860
375163
594104
734714
420799
81659
224667
971106
654509
657754
54944
568591
293725
299027
996331
844941
909096
180847
213975
305242
931102
726529
15422
218490
684682
352025
979369
846070
477865
151806
384464
862748
597730
859677
433440
760871
951039
981893
464957
723944
691266
927115
54934
268128
352427
937321
852353
919565
738038
80289
68813
792577
67245
575664
101013
820020
462703
874808
663473
81386
776639
631658
730610
882571
803499
854244
710026
662488
231982
701011
550651
113107
852910
728811
739133
207910
991337
460501
323583
430084
736217
784912
537372
822004
946556
593974
923534
9431
927011
705256
843403
372085
854427
459281
499910
397691
748312
541566
879632
102595
675510
29070
744801
788979
88913
802865
502662
280567
441779
560315
250045
473477
458859
327528
102260
816529
939268
14494
935052
454040
452526
82240
547381
649588
848373
555567
7979
200122
908125
6303
813708
685829
896565
657785
518012
497964
148444
362324
424747
229759
9423
311085
956721
580929
480101
669474
280225
571886
429026
562768
675575
273980
89519
373319
378951
16191
55664
364879
863554
152916
253312
506652
794254
137037
258949
318998
415225
493632
961197
863810
734547
493197
308480
277505
846352
518893
438608
441176
804979
155751
754636
824297
3658
648753
365134
749090
929833
138990
24003
179700
658921
426312
196397
522200
512102
931829
838206
14383
559756
16534
162702
270052
321472
205394
618616
678813
361027
54831
691854
926422
698150
397007
268999
382045
179519
87513
59670
27799
464352
945754
445659
983274
218791
726221
445695
371394
394694
726504
681502
612372
192730
181501
761539
234202
640130
948558
699816
817306
519656
374618
627964
452884
148960
642067
60434
330209
142504
459495
441160
761937
402553
159560
374197
919875
7150
317361
673194
891492
23779
416857
912649
443915
989165
879729
217658
773671
750686
614983
989766
361266
143412
538438
952373
406087
881669
681907
82950
85916
300159
888896
465616
125203
438698
138994
8563
149939
523715
5015
764868
445918
189424
380614
857657
605230
516125
88976
478255
62687
119538
740644
29981
142096
117934
797625
921484
298219
399483
568366
324182
581221
604497
852693
331713
751769
514823
229019
697064
205146
944622
45867
298224
365018
721188
807339
335692
368176
127107
736560
282876
302554
219216
794251
493026
454605
714163
677621
946282
965408
888412
450062
432672
829214
492463
687804
575125
683149
762881
194176
312454
607053
55720
829118
141144
666088
417231
326444
484666
729598
498706
972148
311197
883980
156613
997436
275920
938081
290121
305058
611827
462910
730098
734320
221955
672307
310367
891348
126221
578340
147053
712194
331044
200592
663625
95868
233917
231334
431376
818750
935523
448916
944133
614511
756465
362267
265854
372946
533455
420700
759715
233112
743865
320431
158510
560129
640830
851089
504981
113998
66178
609363
637952
752396
132054
94509
862007
352294
484027
213335
825093
59481
987309
725170
912299
626830
460755
929884
40869
846450
962514
214036
787003
510352
474284
123714
23195
878426
674353
900142
528235
493353
730045
724033
527426
617178
334166
569427
949314
202344
243878
575671
505357
87199
873981
211206
157878
452475
571654
947618
212007
447320
970266
646905
233465
729031
491911
791602
546704
168597
860186
962885
252465
410548
123665
851629
197103
249509
366244
469876
501527
231361
124356
726419
37033
186427
351211
442223
516561
997772
644109
318914
256477
350310
699615
635600
884327
961926
548570
153769
655165
827637
859769
858989
708048
822891
634381
637450
692950
492586
317515
494023
832624
203264
433095
162910
969436
130837
108243
743966
351750
182543
923733
501670
904326
314584
463608
614539
31387
482144
358465
634284
288831
314374
525979
267857
997301
218082
259487
852396
614709
828095
152971
422214
524301
145615
284274
234810
464118
771800
293512
222486
794182
374800
936512
628637
694201
955739
420863
733680
112183
899728
658717
628063
399096
964984
573761
646086
549134
268195
723381
812899
423796
750846
918351
505315
435122
230330
181316
838323
269144
478707
176145
12432
705596
273210
281052
382004
83975
934379
300991
415132
910651
366604
365745
528676
122
579253
690900
31975
487652
830518
496945
798351
787171
28246
300257
822716
125366
631297
705269
318075
53829
136483
766795
577146
243632
558427
357480
765997
629235
820820
551654
245835
539861
575845
346309
549391
797821
203920
211806
264484
896725
405957
658211
394285
893097
168963
754017
979196
875537
855882
83795
9028
392912
638818
914330
6356
607032
74321
321242
180731
751359
697933
12843
755696
642532
72238
460303
951057
771948
396700
408342
734847
700262
402373
123434
310450
808364
618637
831093
667525
838813
1198
804814
56291
833945
972383
274132
951177
323696
108869
314015
785829
389859
831770
364957
436216
57078
594254
770378
398002
666822
349439
481957
281465
738708
697987
761820
855828
578216
38070
649602
729787
632562
658575
641147
659078
902682
906385
933367
953003
829584
641515
560863
459269
707246
505027
565898
438143
664321
457411
23644
458054
603003
716367
933872
244477
367576
742774
130076
532615
268877
97999
261905
336404
900810
915523
905605
505404
780611
562128
885073
691304
185584
333832
725257
97397
461642
644919
305282
59402
633731
80394
129676
308235
120722
674629
353056
233593
810801
523247
845810
148666
681827
698671
673849
195939
799321
688051
323197
239190
606889
248431
845232
632502
621816
